centroid 0: [0.45815521 0.38411221 0.6311584  0.50902165 0.45562625 0.54009662
 0.39711211 0.45192198 0.54242117 0.61391737], centroid 1: [0.4539919  0.66110508 0.34915267 0.50840872 0.5562901  0.41878187
 0.61021804 0.44321744 0.4127624  0.37422057]
cluster 1: [0.3762318  0.81622845 0.4294066  0.52075116 0.52240409 0.25926879
 0.409808   0.83203777 0.35212007 0.02912215]
cluster 1: [0.97906192 0.83892297 0.57105683 0.4289968  0.00907257 0.64887395
 0.82233627 0.99409034 0.52860885 0.64687683]
cluster 1: [0.09460199 0.98643108 0.3108517  0.56991933 0.06128283 0.76441796
 0.53388056 0.16955486 0.03771377 0.21201992]
cluster 1: [0.70946223 0.02335073 0.51106539 0.39112958 0.35005619 0.12774109
 0.98730031 0.69337452 0.03866579 0.15795434]
cluster 1: [0.67078289 0.56195845 0.39916291 0.31987946 0.97159365 0.06266252
 0.3196724  0.34915598 0.09200999 0.24746718]
cluster 0: [0.90798838 0.72289401 0.56143774 0.83235074 0.39160267 0.73061029
 0.22393721 0.3007177  0.43158495 0.31171549]
cluster 1: [0.04852554 0.74479898 0.10560704 0.27245549 0.42166458 0.53672642
 0.4352875  0.88348687 0.8385226  0.49322538]
cluster 0: [0.49939743 0.2547529  0.05598904 0.76197023 0.4955022  0.4837052
 0.03250207 0.07169964 0.6228386  0.89688445]
cluster 1: [0.02460245 0.80273513 0.43654452 0.17658163 0.52926427 0.00767013
 0.37643845 0.47450182 0.78923014 0.09147877]
cluster 0: [0.02733642 0.54125312 0.65382513 0.53904752 0.34006323 0.43661587
 0.87315636 0.53425331 0.19017253 0.89708878]
cluster 1: [0.51435392 0.60198101 0.26368015 0.40941986 0.06529643 0.57923633
 0.79517154 0.83076081 0.07066663 0.33725164]
cluster 1: [0.15264613 0.98202527 0.66003626 0.25799233 0.63820159 0.76516015
 0.72072621 0.1764227  0.41318957 0.6551082 ]
cluster 0: [0.36437739 0.42959532 0.25322967 0.07805137 0.22431558 0.69980908
 0.43009326 0.39743849 0.11529072 0.89471156]
cluster 1: [0.53813037 0.50201447 0.17256305 0.26534378 0.87340985 0.91934317
 0.13675108 0.27822749 0.34665919 0.23326486]
cluster 0: [0.27468683 0.19400414 0.9700036  0.6729794  0.52800911 0.4990231
 0.90353386 0.39880695 0.71464435 0.84496738]
cluster 0: [0.69031865 0.8986185  0.9163404  0.24148947 0.58202037 0.20583583
 0.41105287 0.91077975 0.64812772 0.7604825 ]
cluster 0: [0.43764814 0.34292421 0.86470543 0.5541995  0.6694551  0.18810497
 0.25574843 0.36697717 0.68924871 0.37756509]
cluster 0: [0.21215535 0.68934614 0.85488871 0.89956026 0.77048402 0.50930038
 0.49783456 0.91930847 0.46020318 0.76333172]
cluster 1: [2.13012544e-01 9.64828229e-01 3.09380825e-01 7.40972119e-01
 7.52243847e-01 1.73605349e-01 4.32665502e-02 1.66070526e-05
 3.93385213e-01 8.09940032e-02]
cluster 0: [0.16296221 0.57615171 0.95161265 0.21060972 0.62799024 0.06968359
 0.67975175 0.77375215 0.39257051 0.54037485]
cluster 0: [0.3303996  0.5449375  0.69730863 0.54672335 0.50096512 0.09173887
 0.28386109 0.01445068 0.46702806 0.35666098]
cluster 1: [0.35781367 0.77686722 0.84982574 0.88704381 0.34862774 0.82030944
 0.66971381 0.22007116 0.07489794 0.16600527]
cluster 0: [0.17624458 0.09754125 0.89646712 0.91199348 0.48944082 0.86912474
 0.7114499  0.76649032 0.82387764 0.28414446]
cluster 0: [0.40188023 0.74257469 0.93746304 0.16679473 0.35723967 0.06395324
 0.17384843 0.98356112 0.33841958 0.39492238]
cluster 1: [0.87302065 0.71900661 0.19913974 0.81846215 0.08182252 0.33720991
 0.80376749 0.19892693 0.16018123 0.06446856]
cluster 0: [0.41257146 0.76984215 0.76110034 0.750628   0.88951704 0.94269265
 0.93783371 0.53441856 0.94195784 0.59641515]
cluster 1: [0.29428429 0.77477681 0.56562441 0.01149506 0.69426406 0.48421364
 0.73331842 0.45185382 0.3625991  0.66893346]
cluster 0: [0.55019366 0.02166952 0.89879005 0.91155234 0.19401051 0.58256749
 0.34208801 0.16247414 0.32181047 0.1098979 ]
cluster 1: [0.71386758 0.39259097 0.60872934 0.15532338 0.87111862 0.3091974
 0.43274066 0.52035733 0.41962467 0.39421037]
cluster 0: [0.30552733 0.55223306 0.68262567 0.39803132 0.72531726 0.49390681
 0.82468959 0.89023804 0.64439742 0.8612554 ]
cluster 0: [0.46555093 0.69702366 0.59022729 0.50892324 0.28888796 0.4472735
 0.19084361 0.17062563 0.94520463 0.35217672]
cluster 0: [0.90366915 0.11102654 0.1177954  0.14367073 0.06645677 0.75044272
 0.33834304 0.63893257 0.75952954 0.45649929]
cluster 1: [0.78480133 0.95397391 0.36028119 0.16346646 0.70244248 0.55281438
 0.94463783 0.05787177 0.39339149 0.76374627]
cluster 1: [0.21532097 0.88795242 0.14519371 0.77132549 0.51546971 0.73023974
 0.80552702 0.48841174 0.90336318 0.07241448]
cluster 0: [0.09211715 0.14031781 0.34655804 0.88550708 0.02895413 0.14873836
 0.01180953 0.27391872 0.83919041 0.7285183 ]
cluster 1: [0.14901298 0.9961565  0.65428394 0.18883557 0.0278174  0.42046913
 0.49418476 0.89562023 0.17929468 0.33178661]
cluster 1: [0.80923281 0.4787182  0.18234049 0.93959669 0.5360077  0.70490824
 0.5963824  0.4142722  0.1362762  0.69131476]
cluster 1: [0.45370691 0.77932626 0.39651659 0.19160319 0.39698354 0.15255503
 0.91555189 0.56811019 0.30638396 0.40345913]
cluster 0: [0.93185212 0.4002353  0.76196158 0.15875554 0.60602754 0.18785639
 0.0356926  0.40508976 0.42961492 0.82228494]
cluster 0: [0.85887894 0.86888917 0.96262871 0.65342975 0.44264261 0.96580663
 0.55594606 0.29990904 0.12295002 0.60907957]
cluster 1: [0.72659096 0.91391196 0.59910779 0.64600776 0.47903277 0.014695
 0.87591886 0.54911787 0.00332294 0.07554948]
cluster 0: [0.05714724 0.20941452 0.45592959 0.26562075 0.24647412 0.28638113
 0.3438222  0.71056962 0.9295046  0.06106542]
cluster 0: [0.21875247 0.03784962 0.38490633 0.64936404 0.80370772 0.43003848
 0.32476466 0.16700285 0.80828837 0.95388729]
cluster 0: [0.01228089 0.0638431  0.0677145  0.66240112 0.67678884 0.85183055
 0.61327777 0.52957643 0.11258696 0.89450605]
cluster 0: [0.29186506 0.64192991 0.72123424 0.92525598 0.67509774 0.15165791
 0.15794684 0.57618719 0.51133193 0.7030769 ]
cluster 0: [0.12477763 0.67039572 0.94908415 0.72612641 0.53839924 0.32082862
 0.25418713 0.84428508 0.69839649 0.59094212]
cluster 0: [0.78791387 0.20293786 0.73042095 0.08015727 0.48892696 0.70985034
 0.80858096 0.93319914 0.51006061 0.26172438]
cluster 1: [0.04747952 0.8789436  0.9603334  0.03883679 0.86479052 0.04052091
 0.90065668 0.11686766 0.16669949 0.54093441]
cluster 0: [0.01620729 0.22456369 0.81905141 0.27804615 0.37674671 0.82441346
 0.35516595 0.7088559  0.06881839 0.66462872]
cluster 0: [0.16728047 0.42948098 0.46141518 0.10891564 0.22649962 0.76258445
 0.25838541 0.32419022 0.10915045 0.55530607]
cluster 1: [0.08802082 0.70146278 0.13564956 0.00308527 0.94092793 0.91846446
 0.87864406 0.37607523 0.02867634 0.55222493]
cluster 1: [0.99676017 0.73363799 0.53318732 0.80269545 0.42933863 0.46364811
 0.86560862 0.34837926 0.03949161 0.41979144]
cluster 0: [0.56902635 0.61554061 0.32767918 0.69576607 0.57619335 0.97012077
 0.58511031 0.95615016 0.47753477 0.83257058]
cluster 0: [0.79084518 0.26698414 0.60168212 0.73682568 0.53159991 0.46987845
 0.37755384 0.51764909 0.26302118 0.943611  ]
cluster 1: [0.68158876 0.47451292 0.23895418 0.54584387 0.83857717 0.03495046
 0.5888641  0.70495516 0.15098116 0.52645707]
cluster 0: [0.84100102 0.3251488  0.82138036 0.91491118 0.22184979 0.93619842
 0.58546895 0.72947583 0.72511516 0.66581145]
cluster 0: [0.12152842 0.7670351  0.85186524 0.98678274 0.02179839 0.61855662
 0.39601529 0.34445761 0.21527838 0.49729612]
cluster 1: [0.51854512 0.65580316 0.33790332 0.75971774 0.95929653 0.52937257
 0.1647866  0.78623806 0.70568941 0.37682229]
cluster 1: [0.78561143 0.01995041 0.04250717 0.70675065 0.81917156 0.39206874
 0.50834895 0.23358409 0.50170032 0.24786877]
cluster 0: [0.33317187 0.19361944 0.02672281 0.64469128 0.40080969 0.7366592
 0.08946243 0.04806655 0.79458896 0.27781955]
cluster 0: [0.89633506 0.45609924 0.47083068 0.10507433 0.14238367 0.17759222
 0.89039711 0.44518409 0.56139435 0.83278198]
cluster 1: [0.24948334 0.93447953 0.03368413 0.12228293 0.24056689 0.09246421
 0.39464826 0.70368074 0.52749981 0.65136621]
cluster 1: [0.89441816 0.96806598 0.46459243 0.85666918 0.30002566 0.40579149
 0.91404985 0.35487976 0.98688675 0.05371507]
cluster 1: [0.51998    0.38838569 0.3657839  0.34139879 0.94508629 0.54819573
 0.57036025 0.4216655  0.42112582 0.37935538]
cluster 1: [0.50139376 0.84394794 0.52847175 0.57151302 0.91074556 0.74856127
 0.72398115 0.50510725 0.6776038  0.35010682]
cluster 0: [0.00152648 0.45683857 0.806437   0.51296983 0.39980391 0.32288973
 0.50251038 0.53128008 0.3985582  0.84093381]
cluster 0: [0.48129395 0.99713864 0.74291774 0.25107722 0.02930121 0.40177867
 0.27792331 0.73551778 0.66507069 0.35491323]
cluster 1: [0.04615149 0.83734816 0.26934218 0.79275203 0.05727023 0.13773521
 0.41163558 0.08811347 0.3211756  0.61321219]
cluster 1: [0.56010094 0.9291269  0.46846347 0.50710596 0.19350009 0.66262511
 0.26101395 0.46025851 0.42751908 0.2469545 ]
cluster 1: [0.45299088 0.74851654 0.10171787 0.76518499 0.67506122 0.25340405
 0.9610471  0.16360145 0.06246647 0.2054869 ]
cluster 0: [0.05163429 0.75627486 0.70280063 0.92544796 0.2811085  0.42219502
 0.05163189 0.29965308 0.69917261 0.28617355]
cluster 1: [0.45102948 0.55188531 0.02514175 0.901655   0.81157769 0.62602122
 0.06116106 0.30554083 0.82032293 0.26374558]
cluster 0: [0.08457357 0.50104474 0.92456435 0.78736972 0.38932094 0.68511288
 0.23324193 0.41970524 0.57125673 0.25834082]
cluster 1: [0.7875024  0.79417924 0.06035754 0.47650295 0.95598343 0.87297828
 0.30087209 0.20688852 0.21065568 0.47115734]
cluster 0: [0.5072461  0.6375646  0.79104212 0.93763501 0.79365745 0.59014531
 0.44835286 0.2211083  0.26626966 0.98600959]
cluster 1: [0.92958536 0.9040792  0.6529672  0.80010197 0.60335037 0.29025375
 0.61444792 0.13701161 0.04820036 0.21573173]
cluster 0: [0.479846   0.1142198  0.26618947 0.91085237 0.98551207 0.04293126
 0.12140562 0.33763491 0.19350821 0.92358325]
cluster 1: [0.32256825 0.46495485 0.04985492 0.2115253  0.27964552 0.296879
 0.0229302  0.20271696 0.53093912 0.13370438]
cluster 0: [0.46395689 0.20572808 0.47759652 0.3739046  0.00644996 0.81073697
 0.26879243 0.15686263 0.18107777 0.42363851]
cluster 1: [0.28004821 0.99888429 0.54647235 0.25791281 0.98156223 0.56199017
 0.72663391 0.11021815 0.79736255 0.35700455]
cluster 1: [0.46629028 0.93571284 0.05345725 0.19864966 0.29442345 0.33909606
 0.71515274 0.83587532 0.76764067 0.12649723]
cluster 1: [0.21094059 0.91924587 0.48325708 0.66555083 0.59849103 0.59231662
 0.52978281 0.05666566 0.49301727 0.78939119]
cluster 1: [0.30092272 0.80504128 0.03089567 0.15383074 0.52182434 0.27096397
 0.3581591  0.9569018  0.26441845 0.98997393]
cluster 0: [0.44733937 0.79433204 0.55123926 0.68274351 0.0023128  0.83208444
 0.00256482 0.43088262 0.57383461 0.33171767]
cluster 0: [0.07983599 0.08194249 0.91015187 0.36634932 0.5414544  0.04786208
 0.95712331 0.02100392 0.08876324 0.60079052]
cluster 0: [0.04805882 0.07908459 0.82340605 0.35931516 0.83620611 0.67772684
 0.00179999 0.28554159 0.36706967 0.01455335]
cluster 0: [0.4710641  0.13100293 0.61797851 0.23683603 0.92058483 0.86963341
 0.27939982 0.01403502 0.98293048 0.82504134]
cluster 0: [0.60560538 0.10961697 0.51707272 0.23985851 0.68323781 0.3023058
 0.07588663 0.2478845  0.98904987 0.49464861]
cluster 1: [0.84018477 0.65922674 0.75736802 0.35740072 0.38302162 0.08021002
 0.59645346 0.9096928  0.62794223 0.17948086]
cluster 1: [0.22859293 0.57938602 0.4023051  0.07029029 0.9198705  0.89223828
 0.86130386 0.92365985 0.17842872 0.92092073]
cluster 0: [0.82967694 0.1171858  0.63236819 0.46816829 0.15194948 0.84484534
 0.02412221 0.17507342 0.85024263 0.75932132]
cluster 1: [0.82320334 0.2252574  0.07472291 0.48185565 0.54014867 0.21964235
 0.95392247 0.65681116 0.88718536 0.31135416]
cluster 0: [0.43582243 0.00771976 0.03512433 0.25927136 0.55999937 0.35177403
 0.06704328 0.04886801 0.11675756 0.83179945]
cluster 0: [0.63557088 0.73986876 0.98154711 0.22378683 0.816607   0.45008327
 0.18398978 0.1417018  0.66581858 0.64333971]
cluster 0: [0.87406704 0.16931374 0.83376345 0.99459228 0.7273117  0.3884995
 0.85455407 0.70841956 0.70248945 0.63520355]
cluster 1: [0.41015839 0.56799463 0.18815317 0.67171739 0.95692399 0.93606332
 0.58521347 0.31183501 0.57152277 0.57460385]
cluster 0: [0.49898238 0.1383495  0.09188076 0.57112028 0.40247423 0.84994026
 0.0762451  0.42406134 0.42580737 0.77149236]
cluster 0: [0.20708746 0.00908339 0.74878338 0.17508611 0.10640371 0.56444826
 0.19430281 0.89262148 0.71149901 0.71456807]
cluster 0: [0.29492821 0.24895261 0.40042488 0.19616289 0.8864738  0.07336455
 0.02166887 0.62081744 0.73078957 0.88480954]
cluster 1: [0.27831954 0.65292801 0.66789094 0.61041164 0.34139679 0.1954636
 0.42655269 0.62972907 0.37189072 0.06958443]
cluster 0: [0.11871553 0.52101891 0.29856831 0.62183855 0.1419769  0.32398918
 0.27825964 0.0475543  0.28003584 0.59902299]
cluster 0: [0.79639659 0.24661706 0.74719423 0.53704256 0.71825748 0.49448676
 0.58577372 0.55256685 0.34333461 0.85298438]
cluster 0: [0.98242403 0.52046733 0.9551851  0.82096246 0.81026223 0.56084526
 0.31628003 0.29090497 0.03762967 0.4810255 ]
cluster 0: [0.10933388 0.23126843 0.47374881 0.1733722  0.07924055 0.51067869
 0.14142558 0.79927081 0.58252687 0.39140114]
cluster 1: [0.22117985 0.52570712 0.34320765 0.64166529 0.39540087 0.41248648
 0.053603   0.74317196 0.38444168 0.06313909]
cluster 1: [0.52085804 0.4828893  0.31271651 0.51995418 0.63927202 0.75458421
 0.93399002 0.37753787 0.50484307 0.56195062]
cluster 0: [0.7750271  0.03366538 0.51958172 0.71060873 0.90656939 0.44076241
 0.33328057 0.89002679 0.39991159 0.73952017]
cluster 0: [0.7033261  0.26603453 0.70445192 0.29509143 0.31157624 0.88279442
 0.58254375 0.80684443 0.64203318 0.62683571]
cluster 1: [0.84419346 0.06005863 0.11408972 0.87484737 0.90027564 0.40200798
 0.17819909 0.28918578 0.32049963 0.15816978]
cluster 0: [0.18008689 0.07412298 0.14427535 0.9796113  0.36981529 0.85809153
 0.2480116  0.43382275 0.70293916 0.75667815]
cluster 1: [0.73094744 0.65841357 0.23770993 0.94604431 0.31882992 0.50814202
 0.35953319 0.2683364  0.46808473 0.55151808]
cluster 0: [0.07443563 0.59517452 0.99757979 0.80221043 0.51878212 0.60245131
 0.0272906  0.65113265 0.3660201  0.52529666]
cluster 1: [0.0190005  0.55606502 0.10219418 0.59009919 0.70379397 0.43104126
 0.42659414 0.44060208 0.8630198  0.49113102]
cluster 0: [0.90770468 0.20618486 0.90447255 0.46340693 0.27613024 0.42659308
 0.73470965 0.26754592 0.24708466 0.78975194]
cluster 1: [0.33773813 0.72867058 0.49721383 0.81225548 0.27652922 0.27779529
 0.99266752 0.38923817 0.84736168 0.46994663]
cluster 0: [0.61215958 0.92729864 0.90181085 0.52187406 0.06713799 0.13489718
 0.18203411 0.95031629 0.33339567 0.53366033]
cluster 1: [0.67301054 0.6787923  0.24382047 0.77742261 0.88829257 0.51460762
 0.37530573 0.67412107 0.1680259  0.82429212]
cluster 0: [0.09638593 0.39937484 0.14753679 0.19586036 0.43343246 0.50490844
 0.22747178 0.19909855 0.88817253 0.74227272]
cluster 1: [0.68013479 0.98847759 0.30687828 0.56881557 0.49803851 0.21654385
 0.8396252  0.10300937 0.29621545 0.08136766]
cluster 0: [0.18826886 0.92256029 0.79333178 0.05085588 0.4880632  0.8262037
 0.62279643 0.94426541 0.78323863 0.61295094]
cluster 0: [0.79647594 0.63345337 0.42087477 0.49605529 0.99145322 0.18653268
 0.18692606 0.2259548  0.99981348 0.8541971 ]
cluster 0: [0.7999175  0.31358811 0.94494544 0.49333873 0.51010612 0.63419416
 0.22687537 0.47056351 0.82064316 0.84536857]
cluster 1: [0.51302547 0.90575107 0.9944024  0.98040579 0.47709458 0.08014599
 0.63618359 0.3613407  0.93074774 0.09583435]
cluster 0: [0.10887374 0.09117644 0.47263762 0.49786734 0.26413412 0.82050028
 0.95029125 0.479628   0.60754537 0.75813679]
cluster 0: [0.57732857 0.72387194 0.76968549 0.68291731 0.26561949 0.71524752
 0.35214605 0.00781617 0.69380134 0.22540569]
cluster 0: [0.10177176 0.29153847 0.26467631 0.25323732 0.69773173 0.46566773
 0.78218203 0.04615862 0.40114855 0.9984537 ]
cluster 0: [0.51470595 0.81391164 0.48582666 0.02217531 0.47350823 0.58095626
 0.07122017 0.03839607 0.38752178 0.79543442]
cluster 0: [0.8555164  0.13026142 0.28042551 0.68001557 0.36510103 0.77322321
 0.66255987 0.23141803 0.59711527 0.38421812]
cluster 0: [0.26278621 0.71629955 0.99080552 0.70254887 0.51058177 0.34689501
 0.47692138 0.16060149 0.26380813 0.4742267 ]
cluster 0: [0.20364387 0.07514819 0.59966821 0.85884257 0.42322784 0.07172668
 0.43075378 0.73826149 0.39967428 0.67192087]
cluster 1: [0.20495198 0.09027853 0.05221895 0.22456027 0.42405942 0.04069815
 0.98250996 0.17986623 0.28829716 0.45574467]
cluster 1: [0.45263482 0.60424058 0.50522378 0.72431299 0.14701235 0.24031532
 0.90347584 0.0676832  0.24250837 0.13749376]
cluster 1: [0.97758135 0.59003793 0.0389473  0.21269556 0.71123593 0.05485835
 0.72770441 0.36597487 0.17261315 0.03890101]
cluster 0: [0.36988137 0.42811808 0.93158861 0.79064654 0.07411431 0.71070872
 0.67225715 0.63600872 0.88376926 0.62750829]
cluster 1: [0.08605915 0.49279375 0.31422249 0.67981211 0.57218834 0.98812575
 0.85548687 0.04029205 0.63079933 0.44675247]
cluster 0: [0.41153841 0.94046636 0.75622499 0.45514491 0.63877071 0.9141408
 0.69299587 0.58279652 0.46307614 0.87687248]
cluster 0: [0.64875998 0.33917578 0.20237608 0.35162654 0.29823398 0.70425304
 0.02067482 0.08599738 0.4005858  0.6289964 ]
cluster 1: [0.20081733 0.41422644 0.89142871 0.88286199 0.2650273  0.02695636
 0.99124081 0.09581655 0.26015203 0.23569747]
cluster 0: [0.79369409 0.23078916 0.8219104  0.09967588 0.53713063 0.58489453
 0.93240926 0.00513738 0.17860706 0.70882741]
cluster 1: [0.3659133  0.46483515 0.19122687 0.3896851  0.23432968 0.24122586
 0.40765297 0.07017564 0.35546276 0.16156314]
cluster 1: [0.494009   0.90145861 0.61787605 0.44505413 0.54257033 0.02306368
 0.98216999 0.14189242 0.73117694 0.13043772]
cluster 1: [0.49878827 0.74416707 0.18613235 0.45373865 0.43585584 0.40530988
 0.73788227 0.91477444 0.07117614 0.8319094 ]
cluster 0: [0.15470255 0.0145485  0.19472306 0.36306989 0.83515925 0.33273717
 0.85539333 0.69863928 0.36312495 0.96317194]
cluster 1: [0.18451129 0.04692562 0.0685548  0.50224735 0.77861978 0.05582465
 0.96693541 0.82975041 0.86590767 0.18949832]
cluster 1: [0.53004429 0.47116148 0.71397264 0.78444074 0.19698246 0.11541127
 0.41602017 0.33742694 0.157054   0.11556003]
cluster 0: [0.93508088 0.08133372 0.23884797 0.57420399 0.87198549 0.32564381
 0.32169013 0.88432337 0.8041448  0.9171453 ]
cluster 1: [0.0496802  0.75579946 0.11716736 0.97835661 0.78583999 0.84688873
 0.23792527 0.63071146 0.22807471 0.28491496]
cluster 0: [0.85198448 0.57606164 0.11302161 0.68335308 0.18177427 0.75048661
 0.14945563 0.39473375 0.96078675 0.98279961]
cluster 1: [0.28139816 0.40938573 0.06028508 0.35148974 0.59030218 0.67991558
 0.63915378 0.10808082 0.39137407 0.20826463]
cluster 0: [0.08551254 0.3370492  0.17884506 0.79722631 0.4821947  0.55299955
 0.53999424 0.58792988 0.36580542 0.76750841]
cluster 0: [0.17460754 0.15185585 0.97400267 0.71489937 0.56493299 0.90837556
 0.82740236 0.0525692  0.13866549 0.05061093]
cluster 0: [0.26454916 0.7667491  0.81471131 0.1869743  0.81578676 0.97647491
 0.1726317  0.03486239 0.53466065 0.25591547]
cluster 0: [0.10894518 0.38967021 0.92346133 0.31876387 0.80816559 0.119321
 0.25826294 0.42108569 0.48282575 0.30268897]
cluster 0: [0.83267094 0.26698606 0.40609733 0.73843686 0.36806642 0.96257719
 0.1279379  0.82680584 0.3400388  0.16096617]
cluster 0: [0.61696872 0.29190341 0.34900977 0.26363402 0.28210117 0.90667332
 0.53941029 0.40683099 0.43222427 0.89674136]
cluster 0: [0.64422914 0.81741481 0.45922522 0.03998129 0.47527534 0.69229862
 0.19776222 0.56105597 0.80397122 0.90568064]
cluster 1: [0.1004989  0.52489555 0.21981736 0.3227426  0.47808292 0.89540443
 0.57058191 0.64099524 0.23704584 0.56319323]
cluster 0: [0.46311996 0.33993578 0.81379536 0.79927014 0.47659594 0.20844012
 0.43113706 0.01215009 0.00295772 0.58132468]
cluster 1: [0.64691589 0.64347432 0.06125341 0.82337143 0.54833721 0.05597885
 0.80253551 0.70198349 0.87906647 0.06820456]
cluster 1: [0.49235108 0.9369744  0.82850089 0.75224396 0.68993949 0.04386918
 0.28975909 0.68922841 0.70307179 0.22439727]
cluster 1: [0.35062167 0.69942888 0.01972778 0.69279315 0.82623191 0.55363063
 0.89067973 0.35872438 0.14159387 0.69050308]
cluster 1: [0.75756    0.98132878 0.20554443 0.19375775 0.02657157 0.55043219
 0.46800812 0.98014406 0.26672971 0.53416217]
cluster 0: [0.32606199 0.30271841 0.92851588 0.21807576 0.55035858 0.43894342
 0.2149626  0.43722659 0.90481222 0.68024042]
cluster 1: [0.05872219 0.23810259 0.07654309 0.86398071 0.04478168 0.68439818
 0.36723859 0.23086684 0.04573122 0.11108041]
cluster 1: [0.00369476 0.94726953 0.00982219 0.07090215 0.45053734 0.57783484
 0.88270924 0.45425842 0.94115122 0.16551942]
cluster 1: [0.87933184 0.80595323 0.61093051 0.25480235 0.46189302 0.29773043
 0.83778263 0.21605077 0.0657729  0.9832134 ]
cluster 0: [0.35696657 0.26569703 0.96766949 0.48770124 0.73140066 0.44541003
 0.05924154 0.9794566  0.80187273 0.93115854]
cluster 0: [0.49760032 0.09013235 0.01380174 0.15223365 0.01650685 0.98524098
 0.54433041 0.26524445 0.69383025 0.99051174]
cluster 1: [0.26256985 0.55615089 0.13594817 0.39036278 0.91496421 0.93831696
 0.04241398 0.00813592 0.89046441 0.04946577]
cluster 0: [0.56068421 0.19090028 0.67893513 0.45887948 0.06597006 0.66306791
 0.6167413  0.83662024 0.72127759 0.33974754]
cluster 1: [0.21401336 0.40920968 0.24738957 0.85439055 0.99370519 0.51652622
 0.863703   0.99813768 0.65955321 0.89164569]
cluster 1: [0.82017434 0.5976043  0.15864994 0.53495161 0.84225422 0.07633218
 0.8713055  0.74514232 0.72382832 0.75517956]
cluster 1: [0.00773138 0.93880561 0.62934944 0.30521229 0.82350451 0.08873604
 0.7157104  0.39894512 0.43112123 0.3913505 ]
cluster 0: [0.70922005 0.06451945 0.92689395 0.5668646  0.2001212  0.80462398
 0.7158322  0.09676329 0.89671469 0.46818898]
cluster 0: [0.73612472 0.56468644 0.72731198 0.41327975 0.61515217 0.1443662
 0.15543279 0.85392424 0.67194676 0.70278788]
cluster 0: [0.41895145 0.19365118 0.59202584 0.00424148 0.27001006 0.772521
 0.46894045 0.16073259 0.89793247 0.3711418 ]
cluster 1: [0.93696744 0.77487786 0.42481552 0.01015304 0.55903805 0.00826921
 0.02031058 0.32927057 0.95596786 0.25504798]
cluster 1: [0.81369915 0.07599408 0.27692195 0.50790144 0.91192489 0.61380791
 0.6517851  0.65830254 0.50433248 0.06291133]
cluster 1: [0.67045487 0.53770648 0.32451845 0.49404251 0.74654973 0.43447359
 0.51084708 0.01061122 0.0903619  0.75911155]
cluster 0: [0.02415622 0.25271052 0.80148115 0.87783286 0.28484555 0.44535711
 0.07989675 0.54978705 0.93731993 0.86365501]
cluster 0: [0.73775542 0.05195866 0.7844673  0.68550921 0.29110752 0.40354801
 0.31317344 0.75088452 0.17787789 0.538632  ]
cluster 1: [0.26366746 0.34718571 0.16552857 0.58329126 0.87655362 0.98191775
 0.33995129 0.50109448 0.03115013 0.4180884 ]
cluster 0: [0.94503686 0.63305445 0.8288087  0.11631334 0.01737688 0.54349748
 0.40032355 0.2496297  0.79396511 0.54150253]
cluster 1: [0.15436172 0.81570445 0.58391634 0.06574608 0.94645787 0.16668006
 0.67377564 0.24952653 0.27579186 0.60822483]
cluster 0: [0.50431022 0.77795033 0.9149075  0.74681818 0.04591809 0.06044158
 0.95041851 0.62559293 0.81688292 0.71227948]
cluster 0: [0.11649961 0.26579911 0.22953686 0.10278234 0.20816355 0.37226775
 0.3143045  0.30742345 0.97303938 0.62316848]
cluster 0: [0.10031659 0.33424219 0.78133253 0.02860761 0.69946048 0.1792929
 0.05887154 0.38604544 0.68163157 0.95116134]
cluster 1: [0.34409549 0.64209004 0.02110375 0.39018874 0.23368917 0.33987254
 0.40149884 0.87067965 0.4764776  0.63095523]
cluster 1: [0.07588306 0.74178775 0.02013831 0.64360153 0.45385951 0.23722244
 0.92992338 0.08771597 0.22094349 0.42799499]
cluster 0: [0.81526293 0.14504636 0.520672   0.06567101 0.84981623 0.62046482
 0.01913309 0.25337358 0.12147229 0.0122327 ]
cluster 1: [0.37859642 0.94130864 0.60586469 0.53696249 0.06828747 0.70612471
 0.97326082 0.80521776 0.5622334  0.49148213]
cluster 0: [0.79805837 0.35496734 0.83783115 0.7385891  0.70414229 0.8413143
 0.63561818 0.06558682 0.75610411 0.45818105]
cluster 0: [0.94182683 0.43798905 0.88003038 0.96570944 0.21594289 0.70721869
 0.33543077 0.21319666 0.72089864 0.68831836]
cluster 0: [0.96394203 0.33773606 0.5033928  0.55496646 0.38017366 0.69861463
 0.7115377  0.7883575  0.45948191 0.3682525 ]
cluster 1: [0.461051   0.50156222 0.6849374  0.52899596 0.43931952 0.74111885
 0.73675136 0.28355638 0.2868877  0.34932491]
cluster 0: [0.78512837 0.08416357 0.82821655 0.36311068 0.32213172 0.71973215
 0.89529599 0.47636383 0.06873217 0.11018752]
cluster 0: [0.81766274 0.34118977 0.88249564 0.97256726 0.55380297 0.65182421
 0.28600969 0.20027372 0.14554498 0.24499378]
cluster 0: [0.01974565 0.17448667 0.53277705 0.83192796 0.29140381 0.64259674
 0.96012446 0.4691504  0.68646579 0.75878765]
cluster 0: [0.36822671 0.68771363 0.99103354 0.52530651 0.80574052 0.31687582
 0.39083055 0.9613454  0.94218905 0.71537845]
cluster 1: [0.92889753 0.60039419 0.99919642 0.79778294 0.73742045 0.09250638
 0.68661919 0.68879758 0.15435373 0.33061059]
